0.000000 0.000000 0.000000 0.000000 0.000000 0.000000
0.000000 0.000000 0.000000 0.000000 0.000000 0.000000
0.000000 0.000000 0.000000 0.000000 0.000000 0.000000
0.000000 0.000000 0.000000 0.000000 0.000000 0.000000
0.000000 0.000000 0.000000 0.000000 0.000000 0.000000
0.000000 0.000000 0.000000 0.000000 0.000000 0.000000
0.000000 0.000000 0.000000 0.000000 0.000000 0.000000
0.000000 0.000000 0.000000 0.000000 0.000000 0.000000
0.000000 0.000000 0.000000 0.000000 0.000000 0.000000
0.000000 0.000000 0.000000 0.000000 0.000000 0.000000
0.000000 0.000000 0.000000 0.000000 0.000000 0.000000
0.000000 0.000000 0.000000 0.000000 0.000000 0.000000
0.000000 0.000000 0.000000 0.000000 0.000000 0.000000
0.000000 0.000000 0.000000 0.000000 0.000000 0.000000
0.000000 0.000000 0.000000 0.000000 0.000000 0.000000
0.000000 0.000000 0.000000 0.000000 0.000000 0.000000
0.000000 0.000000 0.000000 0.000000 0.000000 0.000000
0.000000 0.000000 0.000000 0.000000 0.000000 0.000000
0.000000 0.000000 0.000000 0.000000 0.000000 0.000000
0.000000 0.000000 0.000000 0.000000 0.000000 0.000000
0.000000 0.000000 0.000000 0.000000 0.000000 0.000000
0.000000 0.000000 0.000000 0.000000 0.000000 0.000000
0.000000 0.000000 0.000000 0.000000 0.000000 0.000000
0.000000 0.000000 0.000000 0.000000 0.000000 0.000000
0.000000 0.000000 0.000000 0.000000 0.000000 0.000000
0.000000 0.000000 0.000000 0.000000 0.000000 0.000000
0.000000 0.000000 0.000000 0.000000 0.000000 0.000000
0.000000 0.000000 0.000000 0.000000 0.000000 0.000000
0.000000 0.000000 0.000000 0.000000 0.000000 0.000000
0.000000 0.000000 0.000000 0.000000 0.000000 0.000000
6.107875 0.000000 0.000000 0.000000 0.000000 0.000000
0.000000 0.000000 0.000000 0.000000 0.000000 0.000000
0.000000 0.000000 0.000000 0.000000 -2.258743 0.000000
0.000000 0.000000 -3.689054 0.000000 0.000000 0.000000
0.000000 0.000000 0.000000 0.000000 0.000000 0.000000
0.000000 0.000000 0.000000 0.000000 0.000000 0.000000
0.000000 0.000000 0.000000 0.000000 0.000000 0.000000
0.000000 0.000000 0.000000 0.000000 0.000000 0.000000
0.000000 0.000000 0.000000 0.000000 0.000000 0.000000
6.714770 0.000000 0.000000 0.000000 0.000000 0.000000
0.000000 0.000000 0.000000 0.000000 0.000000 0.000000
0.000000 0.000000 0.000000 0.000000 0.000000 0.000000
0.000000 0.000000 0.000000 0.000000 0.000000 0.000000
0.000000 0.000000 0.000000 0.000000 0.000000 0.000000
0.000000 0.000000 0.000000 0.000000 0.000000 0.000000
0.000000 0.000000 0.000000 0.000000 0.000000 0.000000
0.000000 0.000000 0.000000 0.000000 0.000000 0.000000
0.000000 0.000000 0.000000 0.000000 0.000000 0.000000
0.000000 0.000000 0.000000 0.000000 0.000000 0.000000
0.000000 0.000000 0.000000 0.000000 0.000000 0.000000
0.000000 0.000000 0.000000 0.000000 0.000000 0.000000
0.000000 0.000000 0.000000 0.000000 0.000000 0.000000
0.000000 0.000000 0.000000 0.000000 0.000000 0.000000
0.000000 0.000000 0.000000 0.000000 0.000000 0.000000
0.000000 0.000000 0.000000 0.000000 0.000000 0.000000
0.000000 0.000000 0.000000 0.000000 0.000000 0.000000
0.000000 0.000000 0.000000 0.000000 0.000000 0.000000
0.000000 0.000000 0.000000 0.000000 0.000000 0.000000
0.000000 0.000000 0.000000 0.000000 0.000000 0.000000
0.000000 0.000000 0.000000 0.000000 0.000000 0.000000
0.000000 0.000000 0.000000 0.000000 0.000000 0.000000
0.000000 0.000000 0.000000 0.000000 0.000000 0.000000
0.000000 0.000000 0.000000 0.000000 0.000000 0.000000
0.000000 0.000000 0.000000 0.000000 0.000000 0.000000
0.000000 0.000000 0.000000 0.000000 0.000000 0.000000
0.000000 0.000000 0.000000 0.000000 0.000000 0.000000
0.000000 0.000000 0.000000 0.000000 0.000000 0.000000
0.000000 0.000000 0.000000 0.000000 0.000000 0.000000
0.000000 0.000000 0.000000 0.000000 0.000000 0.000000
0.000000 0.000000 0.000000 0.000000 0.000000 0.000000
0.000000 0.000000 0.000000 0.000000 0.000000 0.000000
0.000000 0.000000 0.000000 0.000000 0.000000 0.000000
0.000000 0.000000 0.000000 0.000000 0.000000 0.000000
0.000000 0.000000 0.000000 0.000000 0.000000 0.000000
0.000000 0.000000 0.000000 0.000000 0.000000 0.000000
0.000000 0.000000 0.000000 0.000000 0.000000 0.000000
0.000000 0.000000 0.000000 0.000000 0.000000 0.000000
0.000000 0.000000 0.000000 0.000000 0.000000 0.000000
0.000000 0.000000 0.000000 0.000000 0.000000 0.000000
0.000000 0.000000 0.000000 0.000000 0.000000 0.000000
0.000000 0.000000 0.000000 0.000000 0.000000 0.000000
0.000000 0.000000 0.000000 0.000000 0.000000 0.000000
0.000000 0.000000 0.000000 0.000000 0.000000 0.000000
0.000000 0.000000 0.000000 0.000000 0.000000 0.000000
14.634292 0.000000 0.000000 0.000000 -0.303449 0.000000
89.733979 0.000000 0.000000 0.000000 0.000000 0.000000
13.896423 0.000000 0.000000 0.000000 0.000000 0.000000
0.000000 0.000000 0.000000 0.000000 0.000000 0.000000
0.000000 0.000000 0.000000 0.000000 0.000000 0.000000
0.000000 0.000000 0.000000 0.000000 0.000000 0.000000
0.000000 0.000000 0.000000 0.000000 0.000000 0.000000
0.000000 0.000000 0.000000 0.000000 0.000000 0.000000
9.399785 0.000000 0.000000 4.046798 0.000000 0.000000
0.000000 0.000000 0.000000 0.000000 0.000000 0.000000
0.000000 0.000000 0.000000 0.000000 0.000000 0.000000
0.000000 0.000000 0.000000 0.000000 0.000000 0.000000
1409.577250 -6.107875 0.000000 0.000000 0.000000 0.000000
630.886129 0.000000 0.000000 0.000000 -0.831430 0.000000
0.000000 -6.021377 0.000000 0.000000 0.000000 0.000000
0.000000 0.000000 0.000000 0.000000 0.000000 0.000000
0.000000 0.000000 0.000000 0.000000 0.000000 0.000000
0.000000 0.000000 0.000000 0.000000 0.000000 0.000000
0.000000 0.000000 -4.378075 4.008135 15.799535 0.000000
402.749363 0.000000 0.000000 0.000000 -0.792236 0.000000
52.703754 0.000000 0.000000 0.000000 0.000000 0.000000
6.530269 0.000000 0.000000 0.000000 0.000000 0.000000
0.000000 0.000000 0.000000 0.000000 0.000000 0.000000
0.000000 0.000000 0.000000 0.000000 0.000000 0.000000
38.100143 0.000000 0.000000 0.000000 0.000000 0.000000
0.000000 0.000000 0.000000 0.000000 0.000000 0.000000
0.000000 0.000000 0.000000 0.000000 0.000000 0.000000
0.000000 0.000000 0.000000 0.000000 0.000000 0.000000
0.000000 0.000000 0.000000 0.000000 0.000000 0.000000
5.056226 0.000000 0.000000 0.000000 0.000000 0.000000
0.000000 0.000000 0.000000 0.000000 0.000000 0.000000
0.000000 0.000000 -3.949651 0.000000 0.000000 0.000000
0.000000 0.000000 0.000000 0.000000 0.000000 0.000000
0.000000 0.000000 0.000000 0.000000 0.000000 0.000000
0.000000 0.000000 0.000000 0.000000 0.000000 0.000000
0.000000 0.000000 0.000000 0.000000 0.000000 0.000000
0.000000 0.000000 0.000000 0.000000 0.000000 0.000000
5.949651 0.000000 0.000000 0.000000 0.000000 0.000000
0.000000 0.000000 0.000000 0.000000 0.000000 0.000000
0.000000 0.000000 0.000000 0.000000 0.000000 0.000000
0.000000 0.000000 0.000000 0.000000 0.000000 0.000000
0.000000 0.000000 0.000000 0.000000 0.000000 0.000000
0.000000 0.000000 0.000000 0.000000 0.000000 0.000000
0.000000 0.000000 0.000000 0.000000 0.000000 0.000000
0.000000 0.000000 0.000000 0.000000 0.000000 0.000000
0.000000 0.000000 0.000000 0.000000 0.000000 0.000000
0.000000 0.000000 0.000000 0.000000 0.000000 0.000000
0.000000 0.000000 0.000000 0.000000 0.000000 0.000000
0.000000 0.000000 0.000000 0.000000 0.000000 0.000000
0.000000 0.000000 0.000000 0.000000 0.000000 0.000000
0.000000 0.000000 0.000000 0.000000 0.000000 0.000000
0.000000 0.000000 0.000000 0.000000 0.000000 0.000000
0.000000 0.000000 0.000000 0.000000 0.000000 0.000000
0.000000 0.000000 0.000000 0.000000 0.000000 0.000000
0.000000 0.000000 0.000000 0.000000 0.000000 0.000000
0.000000 0.000000 0.000000 0.000000 0.000000 0.000000
0.000000 0.000000 0.000000 0.000000 0.000000 0.000000
0.000000 0.000000 0.000000 0.000000 0.000000 0.000000
0.000000 0.000000 0.000000 0.000000 0.000000 0.000000
0.000000 0.000000 0.000000 0.000000 0.000000 0.000000
373.588139 0.000000 0.000000 0.000000 0.000000 0.000000
0.000000 0.000000 0.000000 0.000000 -1.031480 0.000000
15.314518 0.000000 0.000000 0.000000 0.000000 0.000000
0.000000 0.000000 0.000000 0.000000 0.000000 0.000000
0.000000 0.000000 0.000000 0.000000 0.000000 0.000000
0.000000 0.000000 0.000000 0.000000 0.000000 0.000000
476.172369 -10.793715 2307.202262 15.429273 82.736015 0.000000
2080.026324 0.000000 0.000000 3.707234 0.000000 0.000000
208.247002 -4.589830 0.000000 0.000000 0.000000 0.000000
23.396506 0.000000 0.000000 0.000000 0.000000 0.000000
0.000000 0.000000 -2.101427 0.000000 0.000000 0.000000
0.000000 0.000000 0.000000 0.000000 0.000000 0.000000
4698.743737 0.000000 871.577146 408.169124 501.761089 827.940541
3143.426671 0.000000 0.000000 128.851656 1.338325 0.000000
0.000000 -8.774543 23.149756 13.554315 0.000000 0.000000
12.922978 0.000000 0.000000 0.000000 0.000000 0.000000
8.466906 0.000000 0.000000 0.000000 0.000000 0.000000
0.000000 0.000000 0.000000 0.000000 0.000000 0.000000
5070.011093 153.585166 671.665565 1271.386560 1867.263169 2496.058110
4956.851364 7.049713 0.000000 0.000000 148.959607 1302.263779
1443.501360 0.000000 -2.685888 7.054445 -1.477117 0.000000
0.000000 0.000000 0.000000 4.687644 0.000000 0.000000
0.000000 0.000000 0.000000 0.000000 0.000000 0.000000
0.000000 0.000000 0.000000 0.000000 0.000000 0.000000
506.712442 -14.733598 93.677647 3587.799371 480.943909 18.516655
3595.864571 7.148558 121.307969 1161.866310 0.000000 478.382458
800.831385 0.000000 0.000000 5.200763 0.000000 0.000000
194.092226 0.000000 0.000000 0.000000 0.000000 0.000000
0.000000 0.000000 -2.858064 0.000000 0.000000 0.000000
0.000000 0.000000 0.000000 0.000000 0.000000 0.000000
1825.182015 0.000000 0.000000 0.000000 38.910348 110.739423
1243.848547 0.000000 -2.818575 87.749288 -0.805842 0.000000
196.918618 0.000000 0.000000 0.000000 0.000000 0.000000
0.000000 0.000000 0.000000 0.000000 0.000000 0.000000
0.000000 0.000000 0.000000 5.391858 -3.248918 0.000000
0.000000 -5.056226 -4.590983 0.000000 0.000000 0.000000
0.000000 0.000000 0.000000 0.000000 0.000000 0.000000
59.380357 -4.187115 0.000000 0.000000 0.000000 0.000000
0.000000 0.000000 0.000000 0.000000 0.000000 0.000000
0.000000 0.000000 0.000000 0.000000 0.000000 0.000000
0.000000 0.000000 0.000000 0.000000 0.000000 0.000000
4.590983 0.000000 0.000000 0.000000 0.000000 0.000000
0.000000 0.000000 0.000000 0.000000 0.000000 0.000000
5.680740 0.000000 0.000000 0.000000 0.000000 0.000000
0.000000 0.000000 0.000000 0.000000 0.000000 0.000000
0.000000 0.000000 0.000000 0.000000 0.000000 0.000000
0.000000 0.000000 0.000000 0.000000 0.000000 0.000000
0.000000 0.000000 0.000000 0.000000 0.000000 0.000000
0.000000 0.000000 0.000000 0.000000 0.000000 0.000000
0.000000 0.000000 0.000000 0.000000 0.000000 0.000000
0.000000 0.000000 0.000000 0.000000 0.000000 0.000000
0.000000 0.000000 0.000000 0.000000 0.000000 0.000000
0.000000 0.000000 0.000000 0.000000 0.000000 0.000000
0.000000 0.000000 0.000000 0.000000 0.000000 0.000000
40.776165 0.000000 0.000000 0.000000 0.000000 0.670577
0.000000 0.000000 0.000000 0.000000 0.000000 0.000000
0.000000 0.000000 0.000000 0.000000 0.000000 0.000000
0.000000 0.000000 0.000000 0.000000 0.000000 0.000000
0.000000 0.000000 0.000000 0.000000 0.000000 0.000000
0.000000 0.000000 0.000000 0.000000 0.000000 0.000000
169.139916 0.000000 34.159267 0.000000 0.000000 0.000000
0.000000 0.000000 0.000000 0.000000 0.000000 0.000000
7.457954 0.000000 0.000000 0.000000 0.000000 0.000000
0.000000 0.000000 0.000000 0.000000 0.000000 0.000000
0.000000 0.000000 0.000000 0.000000 0.000000 0.000000
0.000000 0.000000 0.000000 0.000000 0.000000 0.000000
3585.047448 -6.577787 0.000000 0.000000 0.000000 121.805705
1642.917539 0.000000 0.000000 0.000000 8.641377 161.900050
79.936491 0.000000 0.000000 0.000000 0.000000 188.156774
78.378962 0.000000 0.000000 0.000000 0.000000 0.000000
0.000000 0.000000 0.000000 0.000000 0.000000 0.000000
0.000000 0.000000 0.000000 0.000000 0.000000 0.000000
4988.729137 634.588472 1713.659020 869.025785 749.510593 2402.428703
4737.799697 372.396595 0.000000 133.187488 24.372556 857.130474
239.586593 0.000000 0.000000 0.000000 0.000000 1459.160263
312.860602 -5.023131 0.000000 0.000000 0.000000 0.000000
13.189045 -4.801567 0.000000 0.000000 0.000000 10.872470
0.000000 0.000000 0.000000 0.000000 0.000000 0.000000
5069.867381 3555.281442 4572.429450 3605.602808 4680.871342 4404.246442
5121.970419 914.304580 2867.158709 2158.539306 1766.829634 1727.592874
4373.477065 -9.417749 -3.031882 4.497708 392.006968 0.000000
2260.284167 -4.128212 0.000000 10.794279 19.301910 0.000000
155.520881 0.000000 0.000000 18.786731 0.000000 200.272378
0.000000 0.000000 0.000000 0.000000 0.000000 0.000000
5060.575088 4939.464632 4965.576624 5058.358814 5067.598624 5010.035983
5122.164773 4135.993807 4377.155534 4810.352105 3865.203619 4763.818668
5045.694555 100.507535 810.517342 971.212816 155.611428 2383.921193
1668.582184 0.000000 95.396740 215.102834 0.000000 471.172762
450.174169 0.000000 -3.250727 0.000000 0.000000 0.000000
15.496384 0.000000 0.000000 0.000000 0.000000 0.000000
5062.691794 1336.396764 2918.952240 4607.320449 4550.198219 4385.943915
5126.421783 2107.143420 3364.988289 3973.950883 2005.955906 4176.771599
2050.206961 8.007251 60.973116 1991.174027 165.967012 4404.486619
1809.342077 0.486507 0.000000 5.865494 -1.412502 4.116423
41.908658 0.000000 0.000000 0.000000 0.000000 0.000000
0.000000 0.000000 0.000000 0.000000 0.000000 0.000000
4981.951544 231.760230 147.465668 1368.076194 421.902988 159.081833
4973.315191 144.369058 -4.198515 1957.731002 546.833303 1250.728307
795.634006 0.000000 18.028476 0.000000 0.000000 2490.123131
0.000000 0.000000 0.000000 0.000000 0.000000 0.000000
5.621156 -3.930243 0.000000 0.000000 0.000000 0.000000
4.478237 0.000000 0.000000 0.000000 0.000000 4.387102
48.484544 0.000000 0.000000 1630.892747 15.765368 0.000000
824.654185 0.000000 0.000000 626.612952 0.000000 0.000000
5.571575 0.000000 0.000000 345.665041 -1.320441 0.000000
6.000399 0.000000 0.000000 0.000000 0.000000 0.000000
0.000000 0.000000 0.000000 0.000000 0.000000 0.000000
0.000000 0.000000 0.000000 4.792059 0.000000 0.000000
48.337137 0.000000 0.000000 0.000000 0.000000 0.000000
0.000000 0.000000 0.000000 61.702570 0.000000 0.000000
0.000000 0.000000 0.000000 0.000000 0.000000 0.000000
0.000000 0.000000 0.000000 0.000000 0.000000 0.000000
0.000000 0.000000 0.000000 0.000000 0.000000 0.000000
0.000000 0.000000 0.000000 0.000000 0.000000 0.000000
0.000000 0.000000 0.000000 0.000000 0.000000 0.000000
0.000000 0.000000 0.000000 0.000000 0.000000 0.000000
0.000000 0.000000 0.000000 0.000000 0.000000 0.000000
0.000000 0.000000 0.000000 0.000000 0.000000 0.000000
0.000000 0.000000 0.000000 0.000000 0.000000 0.000000
0.000000 0.000000 0.000000 0.000000 0.000000 0.000000
921.153612 -16.382370 0.000000 0.000000 7.702057 0.000000
170.167960 0.000000 0.000000 0.661285 0.000000 0.000000
0.000000 0.000000 0.000000 0.000000 0.000000 0.000000
0.000000 0.000000 0.000000 0.000000 0.000000 0.000000
0.000000 0.000000 0.000000 0.000000 0.000000 0.000000
0.000000 0.000000 0.000000 0.000000 0.000000 0.000000
3429.045586 4.003484 1665.618323 61.932620 66.758371 253.044605
1353.476809 0.000000 0.000000 3.456971 -1.378195 0.000000
7.345679 -5.457954 49.825764 0.000000 -2.189347 0.000000
40.254283 0.000000 0.000000 0.000000 0.000000 0.000000
0.000000 0.000000 0.000000 0.000000 0.000000 0.000000
0.000000 0.000000 0.000000 0.000000 0.000000 0.000000
5087.671612 780.134639 3056.344194 1414.360053 2187.008607 1852.087384
5022.295455 229.417244 955.798356 111.486759 291.626045 872.225757
1268.261078 -5.889507 2621.377050 3.328630 24.188957 698.333945
993.310461 -5.046089 153.357392 4.168038 0.000000 75.633994
0.000000 0.000000 0.000000 0.000000 0.000000 0.000000
0.000000 0.000000 0.000000 0.000000 0.000000 0.000000
5072.756375 4418.859541 4932.632929 4823.626527 4922.701970 4902.765886
5106.576432 2378.588293 3747.519079 3534.751244 2469.833630 3755.907578
5012.792610 68.622403 500.773227 608.167475 290.284736 1368.759563
2196.665910 11.541626 0.000000 117.943142 1.580881 206.659161
235.023990 -4.573054 0.000000 0.000000 0.000000 0.000000
0.000000 0.000000 0.000000 0.000000 0.000000 0.000000
5061.339312 4960.027245 4960.252781 5061.063663 5049.496390 5010.725919
5104.525821 5002.230380 5015.902256 5072.343202 5020.783837 4990.652671
5086.532187 2011.006603 4308.855750 3367.596159 3506.547200 3115.073441
5007.446959 327.934171 1269.794389 161.846069 209.205094 2052.420819
1848.111878 -4.352001 0.000000 26.349934 0.000000 494.344126
275.940903 0.000000 0.000000 0.000000 0.000000 0.000000
5055.398538 4961.192102 4961.326123 5055.317689 5053.089736 5004.844553
5107.849348 5025.549059 5025.616200 5107.769274 5027.410451 5018.525662
5089.170781 4386.873424 4650.464119 4913.262453 4311.005603 4893.535585
5061.948625 294.055623 2096.338872 2463.891751 938.097995 2642.363184
331.072809 9.399713 0.000000 200.241639 -1.191973 2842.809189
101.553199 -8.724691 0.000000 0.000000 0.000000 0.000000
5053.817546 4959.670902 4959.671865 5053.817429 5060.908198 5010.299102
5115.453085 5032.995912 5033.030008 5115.451883 5035.127866 5023.666220
5096.126707 2906.485295 3701.295616 4766.094648 2157.696045 4143.254031
881.525737 289.829762 151.343281 4642.530477 24.571282 362.056056
231.755624 0.000000 -3.342908 0.000000 0.000000 729.325581
0.000000 0.000000 0.000000 0.000000 0.000000 0.000000
4692.877772 4071.269186 3671.868340 5062.691801 4860.364047 4171.369225
2670.104581 3644.805592 2951.881931 5126.422849 2986.284476 4236.356140
508.009271 330.214547 -4.411290 4968.868328 265.783420 962.044851
352.387866 0.000000 -4.300954 110.756371 0.000000 1765.355978
13.154821 -3.621156 0.000000 0.000000 0.000000 0.000000
0.000000 -4.034891 0.000000 0.000000 0.000000 0.000000
1068.890636 80.357387 0.000000 4772.681067 771.933469 1563.451563
1320.471762 78.019608 -4.693310 4304.071235 -2.318196 1034.771153
6.688390 -4.484239 -4.630123 0.000000 0.000000 0.000000
5.122379 0.000000 0.000000 7.781065 0.000000 0.000000
0.000000 0.000000 0.000000 0.000000 0.000000 0.000000
0.000000 0.000000 0.000000 0.000000 0.000000 0.000000
0.000000 -4.378075 -5.880053 1179.110884 0.315545 0.000000
49.876096 0.000000 0.000000 0.000000 0.000000 0.000000
4.955524 0.000000 0.000000 0.000000 0.000000 0.000000
0.000000 0.000000 0.000000 0.000000 0.000000 0.000000
0.000000 0.000000 0.000000 0.000000 0.000000 0.000000
0.000000 0.000000 0.000000 0.000000 0.000000 0.000000
3.780313 0.000000 0.000000 0.000000 0.000000 0.000000
0.000000 0.000000 0.000000 0.000000 0.000000 0.000000
0.000000 0.000000 0.000000 0.000000 0.000000 0.000000
0.000000 0.000000 0.000000 0.000000 0.000000 0.000000
0.000000 0.000000 0.000000 0.000000 0.000000 0.000000
0.000000 0.000000 0.000000 0.000000 0.000000 0.000000
4110.420658 56.828479 804.250280 231.829181 0.000000 305.444056
2309.318507 0.000000 302.102194 170.286487 -1.472414 0.000000
11.915610 0.000000 499.021052 0.000000 0.000000 0.000000
18.341952 0.000000 0.000000 0.000000 0.000000 0.000000
0.000000 0.000000 0.000000 0.000000 0.000000 0.000000
0.000000 0.000000 0.000000 0.000000 0.000000 0.000000
5097.430413 1300.800010 3255.599731 1639.506111 2213.005902 2082.841526
4987.463258 24.037616 1348.508134 59.141639 941.191161 890.056538
967.405662 -4.618457 4062.073213 23.034887 4.604357 475.330491
1128.950099 0.000000 8.988571 0.000000 -2.641288 0.000000
403.770777 0.000000 0.027401 0.000000 -8.175272 5.260070
0.000000 0.000000 0.000000 0.000000 1.847270 44.490097
5077.418662 4825.858254 4953.288280 4899.609523 4980.902554 4981.402176
5092.684914 3924.506462 4259.071148 3768.659067 4382.839038 4200.801059
5071.111496 673.846499 2135.604692 928.512839 2004.982830 2836.668067
4649.627326 114.188526 277.679434 128.341473 0.000000 686.411523
0.000000 0.000000 0.000000 50.706826 0.000000 0.000000
0.000000 0.000000 0.000000 0.000000 0.000000 0.000000
5062.735573 4961.380654 4961.656302 5062.382024 5031.652282 5012.108218
5087.441544 5002.807095 5005.692721 5086.959611 5006.582623 5026.549095
5071.733692 3761.308000 4689.055180 4315.195728 3958.721559 4855.943182
2072.932404 424.201378 4968.765352 1518.866806 733.684136 2061.309383
0.000000 0.000000 3212.364763 4.779480 0.269034 482.559615
250.920603 0.000000 0.000000 0.000000 0.000000 0.000000
5055.243108 4954.077284 4954.158133 5055.142593 5033.893015 5004.690677
5089.266852 5007.328925 5007.408993 5089.167826 5008.649330 5019.171846
5072.507013 4989.133131 4988.310738 5069.550642 4989.431631 5070.138902
5063.111617 4035.237274 4701.065021 4036.342817 4018.693557 4735.099839
1979.196444 63.449862 577.483648 311.797316 253.472877 4995.154288
1818.424384 3.946646 25.937534 4.720622 153.502957 0.000000
5053.254417 4952.167888 4952.167888 5053.254417 5041.491565 5002.721873
5096.519024 5014.475340 5014.475340 5096.519024 5016.006693 5016.784142
5078.747698 4997.068359 4997.067818 5078.746276 4997.818436 5077.507358
5067.703352 4184.430650 4545.032199 4765.064505 2640.703824 4703.396356
4111.538441 448.317503 338.515722 1560.890762 8.841820 506.255051
9.152292 -4.541261 0.000000 502.816469 6.485109 330.410530
5055.317689 4961.326123 4961.192102 5055.398538 5053.089736 5004.844553
5107.769280 5025.616324 5025.549207 5107.849348 5027.410500 5018.525672
5067.526164 4995.484088 4927.441137 5089.170781 4893.609465 5073.697513
3778.885650 1846.568402 960.055346 5062.234654 597.611601 3785.611022
131.600594 26.781626 0.000000 0.000000 -11.180303 2467.359792
15.764317 0.000000 0.000000 0.000000 0.000000 0.000000
5060.269472 4961.020580 4948.758253 5060.575088 5067.598624 5016.737309
5105.443920 5008.210368 4799.377417 5122.164773 5015.019501 5025.311847
2714.321595 1445.862924 429.410474 5102.269176 1263.956419 4041.441966
148.544488 103.993458 0.000000 922.655935 -3.652707 3541.227355
86.204057 -3.250727 0.000000 0.000000 0.000000 0.000000
0.000000 0.000000 0.000000 0.000000 0.000000 0.000000
3365.879093 1217.610295 -4.206721 5072.042729 965.339550 2694.543483
2102.805182 590.764248 3.873957 5076.614974 147.725406 2597.395739
1753.024500 -3.200763 -8.411090 0.000000 -1.013040 500.074112
4.687644 0.000000 0.000000 0.000000 -2.006036 0.000000
0.000000 0.000000 -4.609627 0.000000 0.000000 0.000000
0.000000 0.000000 0.000000 0.000000 0.000000 0.000000
0.000000 217.998329 0.000000 0.000000 9.505381 0.941033
300.157379 -0.120295 0.000000 0.000000 0.000000 3.059781
13.308592 0.000000 0.000000 0.000000 -1.360913 0.000000
4.867698 0.000000 0.000000 0.000000 0.000000 0.000000
4.397247 0.000000 0.000000 0.000000 0.000000 0.000000
0.000000 0.000000 0.000000 0.000000 0.000000 0.000000
0.000000 0.000000 0.000000 0.000000 -1.257687 0.000000
3.357427 0.000000 0.000000 0.000000 0.000000 0.000000
0.000000 0.000000 0.000000 0.000000 0.000000 0.000000
0.000000 0.000000 0.000000 0.000000 0.000000 0.000000
0.000000 0.000000 0.000000 0.000000 0.000000 0.000000
0.000000 0.000000 0.000000 0.000000 0.000000 0.000000
5116.032433 1397.324622 1725.191911 2278.712879 1328.282455 1361.040207
4987.075194 624.444811 2614.832155 833.414077 957.657353 1616.669527
2033.830839 -11.294744 4722.853088 1610.324425 1336.338565 974.012922
4115.523415 -5.797504 0.000000 177.230444 0.000000 0.000000
0.000000 0.000000 0.000000 0.000000 -3.116944 975.783361
4.303438 0.000000 0.000000 0.525551 0.525551 51.641844
5085.573337 4905.031759 4830.515014 4664.664340 4966.029266 5007.598829
5082.478202 3149.791047 4493.758978 3973.184735 4531.608762 4134.330673
5071.745364 1993.319961 3580.839048 3206.011563 2477.907343 2627.430841
2591.238206 0.000000 1672.193562 353.104369 237.725184 4812.811233
2278.990527 22.857299 0.000000 114.240899 0.000000 47.172814
0.000000 0.000000 0.000000 1.973667 0.000000 94.152704
5065.358509 4963.930737 4964.284286 5064.868878 5014.656055 5014.704924
5071.749791 4989.164819 4990.442111 5071.041085 4990.786351 5031.069116
5059.723803 4326.181342 4930.130815 4995.738083 4872.826242 4956.704784
5057.278931 2555.234056 3406.658879 3442.628249 2725.487523 3469.998911
4603.665291 -8.854261 786.559841 551.009748 -5.088817 1730.781118
325.401338 0.000000 0.000000 0.000000 0.000000 0.000000
5055.313670 4954.133177 4954.233693 5055.181171 5014.551658 5004.760533
5070.978342 4989.394143 4989.493168 5070.849202 4990.223129 5020.477434
5057.316888 4976.025422 4976.120762 5057.193836 4976.324927 5056.788199
5052.590395 4457.501351 4858.552005 4850.786161 4022.584355 4938.656923
2371.467497 1123.504262 4875.411197 1837.216332 143.846334 2069.972720
0.000000 0.000000 1955.501916 0.000000 0.000000 617.002032
5052.684031 4951.604759 4951.604759 5052.684031 5021.699765 5002.157190
5077.538995 4995.870937 4995.870937 5077.538995 4996.871153 5017.221030
5062.241255 4980.893772 4980.893772 5062.241255 4981.273489 5061.511295
5055.098866 4973.130274 4973.771951 5054.406183 4972.251409 5054.417838
5054.854340 2384.368966 4198.521673 2256.186065 2207.169103 3468.588539
407.141278 107.887197 42.705219 0.000000 381.687542 4589.424010
5055.142593 4954.158133 4954.077284 5055.243108 5033.893015 5004.690677
5089.167826 5007.408993 5007.328925 5089.266852 5008.649330 5019.171846
5072.412089 4990.994466 4990.916613 5072.507013 4991.530543 5071.506797
5050.131954 4972.809289 4968.922694 5063.111617 4920.122136 5058.815605
1293.211316 1729.510717 297.934354 2871.070801 206.776559 5057.803170
166.917912 -3.189763 -3.830262 80.699399 16.425074 1693.205167
5061.063664 4960.252783 4960.027245 5061.339312 5049.496391 5010.725919
5104.253663 5022.482137 5022.258514 5104.525821 5023.935638 5024.710090
5059.186944 4939.390123 4934.691812 5086.532976 4923.883311 5045.267376
2630.116973 1504.355310 1139.445288 5074.920976 1063.528556 3784.555833
217.450440 0.000000 -4.352001 488.007476 -4.949894 2764.205106
29.873621 0.000000 0.000000 7.679704 0.000000 0.000000
5069.109528 4973.010677 4944.240485 5069.867381 5066.228884 5018.761094
4056.829763 4676.550816 4060.597607 5122.204799 4206.031971 4090.339955
2010.016667 3432.618809 1775.691035 5100.605173 1155.614032 2089.077484
48.641807 122.087338 -11.994699 955.304731 24.029269 3710.718136
0.000000 0.000000 -4.607019 195.341127 0.000000 833.810758
0.000000 0.000000 0.000000 0.000000 0.000000 0.000000
869.612013 1161.083066 84.787429 5075.646852 1701.328927 2251.194908
618.739326 978.087320 581.169021 5018.396252 1053.819050 0.000000
555.053067 212.005968 -0.406408 3974.978440 -0.658434 483.642884
24.111936 0.000000 0.000000 0.000000 0.000000 5.293012
4.101427 0.000000 0.000000 0.000000 0.000000 0.000000
0.000000 0.000000 0.000000 0.000000 0.000000 0.000000
27.286126 -3.579439 -6.320118 0.000000 1059.238762 1.873227
4.781556 0.000000 -5.142486 3165.191561 0.000000 1.898536
4.046798 0.000000 0.000000 47.490411 -1.418863 0.000000
7.592822 0.000000 0.000000 0.000000 0.000000 0.000000
4.269797 0.000000 0.000000 0.000000 0.000000 0.000000
0.000000 0.000000 0.000000 0.000000 0.000000 0.000000
2.905385 0.000000 0.000000 0.000000 0.000000 0.000000
0.000000 0.000000 0.000000 11.643788 -1.795570 0.000000
2.872376 0.000000 0.000000 0.000000 0.000000 0.000000
0.000000 0.000000 0.000000 0.000000 0.000000 0.000000
0.000000 0.000000 0.000000 0.000000 0.000000 0.000000
0.000000 0.000000 0.000000 0.000000 0.000000 0.000000
5101.679803 4827.797305 4926.815572 4981.806357 4950.355640 5000.404204
5070.807985 3800.200190 4641.146993 4843.423932 4517.317554 5018.895703
5055.878822 3394.220390 3427.727062 3996.254938 3308.925363 4000.763443
5033.503582 1359.362229 1882.257208 440.564293 204.345679 2472.262843
1182.630958 21.616832 0.000000 13.665391 -10.490563 45.311794
5.299945 -7.650981 68.707392 0.000000 0.000000 0.000000
5070.807985 4969.244172 4969.733804 5070.032107 5000.103411 5020.099906
5059.610760 4978.176018 4978.659962 5038.999860 4978.649328 5038.993584
5053.736714 4959.002173 4964.998708 5011.685329 4948.734509 5050.086289
5058.835170 2213.868993 3712.620132 3679.432134 2507.383568 3572.522471
4597.915091 176.852046 1318.421477 0.000000 136.260864 2045.951602
165.534772 1.226985 0.000000 0.000000 31.137091 1373.595788
5055.885064 4954.672629 4954.805128 5055.692316 4995.341257 5005.326214
5053.736714 4972.481849 4972.610989 5053.553911 4972.905768 5023.184304
5045.382525 4964.331462 4964.451875 5045.222278 4964.451876 5045.222278
5047.682355 4960.035442 4965.858289 5041.070262 4957.535133 5044.680472
3876.669924 2677.493860 3160.161971 1537.625698 1334.585700 5057.299122
3567.384908 0.000000 758.158675 18.821700 328.438808 928.415933
5052.108595 4951.034373 4951.034373 5052.108595 5001.535281 5001.587509
5058.835811 4977.537670 4977.537670 5058.835811 4978.065409 5018.299682
5047.682355 4966.632363 4966.632363 5047.682355 4966.741489 5047.387576
5046.404267 4965.414319 4965.414319 5046.404255 4965.414318 5046.404266
5021.710343 4100.683950 4886.002074 4975.716816 3695.643361 5052.590395
1333.571798 279.026443 487.794209 398.973902 970.661287 4634.294087
5055.181171 4954.233693 4954.133177 5055.313670 5014.551658 5004.760533
5070.849202 4989.493168 4989.394143 5070.978342 4990.223129 5020.477434
5057.196473 4976.121307 4976.026382 5057.316888 4976.326941 5056.789149
5052.479767 4971.498766 4971.387883 5052.590395 4971.506226 5052.479959
4459.310015 4512.232985 3703.834115 5055.098866 3794.357302 4816.997204
424.361058 672.141799 23.187293 641.574707 998.027746 4765.164009
5062.382024 4961.656302 4961.380654 5062.735573 5031.652282 5012.108218
5087.095339 5005.773486 5005.501328 5087.441544 5006.678778 5027.023064
5070.846798 4990.281505 4990.105081 5071.733692 4990.418075 5070.873771
4291.708683 4570.143789 4367.124167 5064.008205 3225.155649 4448.079003
713.506854 1196.389429 21.451432 4958.809678 211.918161 957.569035
0.000000 16.956804 -4.383418 1502.433243 31.735904 667.239885
5072.121348 4971.691064 4971.184537 5072.756375 5051.234636 5022.028811
5103.307507 5022.111126 4973.295012 5106.580131 5014.343158 5030.954057
4607.713569 4398.794872 3301.732481 5089.258945 4057.893490 4466.150955
888.734604 1646.926862 110.185072 2611.678232 314.012165 5058.732386
0.000000 0.000000 -6.175321 1908.532285 -4.920383 0.000000
22.531721 0.000000 -5.294527 179.771205 0.000000 33.059005
3476.340386 4625.634289 3308.800552 5084.427339 4863.553583 4874.708769
2628.031051 2065.581800 1267.068164 5124.961002 2856.481419 3886.169426
181.552098 1303.806008 133.823724 4924.454440 52.190809 1531.343785
12.195080 985.191258 -7.581351 489.745325 0.000000 0.000000
4.009595 0.000000 0.000000 100.242940 -6.480435 22.635615
10.147207 0.000000 0.000000 0.000000 0.000000 0.000000
677.121696 488.083940 -11.773801 4464.344053 35.815925 882.112916
211.199343 219.254987 -5.233756 3236.715576 124.782548 718.302721
0.000000 0.000000 0.000000 2253.034843 0.000000 417.320831
51.407692 0.000000 0.000000 0.000000 -1.834171 0.000000
7.524718 0.000000 0.000000 0.000000 0.000000 0.000000
0.000000 0.000000 0.000000 0.000000 0.000000 0.000000
32.794563 75.002774 -6.230482 0.000000 0.824620 0.929283
3.825718 0.000000 -5.737047 0.000000 0.000000 14.053436
0.000000 0.000000 0.000000 0.000000 0.000000 3.295821
3.469439 0.000000 0.000000 0.000000 -1.996222 0.000000
3.418863 0.000000 0.000000 0.000000 -3.472072 0.000000
2.360913 0.000000 0.000000 0.000000 0.000000 0.000000
5.703276 0.000000 0.000000 0.000000 0.000000 0.000000
0.000000 0.000000 0.000000 15.252235 0.000000 0.000000
2.373176 0.000000 0.000000 0.000000 0.000000 0.000000
0.000000 0.000000 0.000000 0.000000 0.000000 0.000000
0.000000 0.000000 0.000000 0.000000 0.000000 0.000000
0.000000 0.000000 0.000000 0.000000 0.000000 0.000000
5084.792704 4982.927974 4983.703855 5033.944776 4983.703856 5033.944776
5057.912371 4956.625102 4977.224736 5007.333226 4956.817911 5057.574133
5051.533119 4949.673643 4980.892008 5000.910162 4950.100679 5051.322619
4680.615821 4331.767740 4672.574735 4482.513750 4225.130072 5055.885064
1947.394355 -4.047625 2491.779478 1311.022031 -4.545183 4953.511293
170.158274 -3.573755 0.000000 0.000000 0.000000 0.000000
5057.912371 4956.625167 4956.817916 5057.574167 4977.224780 5007.333247
5039.946156 4958.950587 4959.133390 5029.655162 4959.133390 5029.655162
5041.330417 4960.379745 4960.539992 5020.923553 4960.379745 5041.330417
5052.659997 4967.138179 4972.263903 5022.230913 4964.801222 5053.736714
3525.909311 1264.157031 3714.687307 2516.889991 1941.987646 5071.701244
357.783029 0.000000 0.000000 1.531514 371.373948 3885.384126
5051.533119 4950.458937 4950.458937 5051.533119 4981.011348 5001.017788
5041.330417 4960.379745 4960.379745 5041.330417 4960.539992 5020.923553
5037.712042 4956.881096 4956.881096 5037.712042 4956.881096 5037.712042
5045.222279 4964.451876 4964.451876 5045.222279 4964.331462 5045.382525
4841.361438 4791.544451 4735.520480 4746.733354 4364.366270 5059.723803
664.756146 924.794321 1562.518329 201.496520 1779.607615 4979.817170
5055.692316 4954.805128 4954.672629 5055.885064 4995.341257 5005.326214
5053.553911 4972.610989 4972.481849 5053.736714 4972.905768 5023.184304
5045.222279 4964.451876 4964.331462 5045.382525 4964.451876 5045.222279
5047.387576 4966.741489 4966.632363 5047.682355 4966.632363 5047.682355
4895.439890 4745.342622 4873.467552 4983.312371 3131.877024 5057.316888
0.000000 1433.794240 325.145445 1528.717659 567.535996 4763.355927
5064.868878 4964.284286 4963.930737 5065.358509 5014.656055 5014.704924
5071.279572 4990.451649 4990.105443 5071.749791 4990.858974 5031.081162
5059.299827 4978.673756 4978.347086 5059.723803 4978.673696 5059.299861
4966.686002 4955.552976 4874.510759 5057.316888 4906.543628 5048.106770
1457.580613 3560.028173 1314.394945 5061.846422 527.161001 4123.806361
39.115946 410.103741 -8.656297 2485.695795 0.462091 507.184505
5076.571995 4976.370668 4975.735673 5077.418662 5036.442943 5026.644475
5091.627786 5010.648033 5010.553253 5092.684928 5011.546125 5041.847927
4645.776251 4761.419688 4585.268560 5077.946320 4658.277168 4950.009034
1931.508980 1959.142177 1631.927987 5071.520664 1326.190462 3096.210928
92.114228 199.057690 15.304681 4013.172220 34.682646 960.405805
2.698953 59.599586 0.000000 0.000000 14.436645 589.564260
4566.387037 4667.478686 4018.628999 5090.880214 4939.135634 4744.367231
4060.202103 4243.881991 3129.986584 5115.214794 4505.119467 3468.317535
742.814413 2053.125865 592.156819 5093.271745 1307.779184 2081.098683
489.458373 3944.848958 77.264629 1342.464170 119.824621 503.635371
14.908778 0.015869 -4.753379 1095.071694 -1.833264 5.112833
0.000000 0.000000 0.000000 19.557701 0.560011 58.113356
1071.697849 2047.715188 474.916492 5043.685944 836.031817 856.840563
153.580402 838.935896 109.872612 4758.608524 237.025323 1227.758642
0.000000 0.000000 0.000000 2531.785024 108.940769 0.000000
29.088010 72.967589 0.000000 1393.496521 0.000000 0.000000
12.012395 0.000000 -5.988959 0.000000 0.000000 5.645289
6.274230 -2.097380 -5.139149 0.000000 0.000000 0.000000
4.173622 0.000000 0.000000 3250.917562 41.506670 0.000000
0.000000 248.911071 -10.039982 1513.227764 0.000000 1.348792
3.031480 0.000000 0.000000 0.000000 -0.287334 0.000000
2.996730 -0.447410 0.000000 269.136144 0.000000 0.000000
0.000000 0.000000 0.000000 26.947320 -3.762619 7.746846
0.000000 0.000000 0.000000 0.000000 0.000000 12.414930
42.077388 -2.069948 -17.481414 0.000000 0.000000 0.000000
5.733476 0.000000 0.000000 0.000000 -0.925856 4.510549
2.925856 0.000000 0.000000 0.000000 0.000000 0.000000
3.565309 0.000000 0.000000 0.000000 0.000000 0.000000
2.868223 0.000000 0.000000 0.000000 0.000000 0.000000
1.831430 0.000000 0.000000 0.000000 0.000000 0.000000
8.181757 0.000000 0.000000 0.000000 -2.436540 0.975312
2.249097 -2.392209 0.000000 8.187150 0.000000 0.000000
2.000712 0.000000 0.000000 0.000000 0.000000 0.000000
0.000000 0.000000 0.000000 0.000000 0.000000 0.000000
0.000000 0.000000 0.000000 0.000000 0.000000 0.000000
0.000000 0.000000 0.000000 0.000000 0.000000 0.000000
5067.735027 4966.209750 4966.547954 5017.057677 4966.547954 5017.057677
5050.972308 4949.883461 4960.174455 5000.462585 4949.883461 5050.972308
5057.574167 4956.817916 4977.224780 5007.333247 4956.625167 5057.912371
5037.328372 4947.744470 4967.773340 4962.563232 4846.940635 5070.807985
2594.596913 2003.277557 2592.627709 1810.828824 169.660898 5071.867079
280.649368 4.752089 221.200477 0.000000 107.244880 1411.936497
5050.972308 4949.883461 4949.883461 5050.972308 4960.174455 5000.462585
5028.812932 4948.125341 4948.125341 5028.812932 4948.125341 5028.812932
5029.655162 4959.133390 4959.133390 5029.655162 4958.950587 5039.946156
5039.011127 4978.660040 4978.660084 5039.010019 4978.189609 5059.610760
4085.059850 3841.843584 3541.941976 3570.482196 2165.805686 5082.478183
683.538584 302.489658 116.935254 0.000000 598.673947 3999.152531
5057.574167 4956.817916 4956.625167 5057.912371 4977.224780 5007.333247
5029.655162 4959.133390 4958.950587 5039.946156 4959.133390 5029.655162
5020.923553 4960.539992 4960.379745 5041.330417 4960.379745 5041.330417
5023.184303 4972.905760 4972.610975 5053.553905 4972.481822 5053.736714
3314.557937 4062.159155 4403.783899 4229.065545 1639.419443 5071.749789
273.375159 154.352005 41.183852 322.515043 154.300856 3415.471873
5070.032107 4969.733804 4969.244172 5070.807985 5000.103411 5020.099906
5039.011147 4978.660088 4978.189870 5059.610760 4978.660088 5039.011147
5023.184304 4972.905768 4972.481849 5053.736714 4972.610989 5053.553911
5008.781530 4970.808539 4974.457120 5058.835811 4953.630898 5055.983028
2939.801261 3716.572940 2687.626605 2877.866206 1461.026024 5070.911430
2.488442 804.186813 1.760465 0.000000 11.614807 3450.599553
5084.321558 4984.553650 4983.706984 5085.573337 5024.752060 5034.717604
5051.616562 5001.399884 5000.560684 5082.478202 5001.396778 5051.608840
5015.779859 4959.103708 4948.705847 5071.749791 4981.897521 5065.300437
2425.977987 3580.126472 2872.683800 4420.897510 4029.242412 5070.848853
576.377819 1707.698329 11.573052 2072.522699 9.330010 4806.380595
14.621892 73.513727 -3.831624 566.878132 0.535205 0.000000
5062.585764 4951.501039 4714.433429 5101.062025 4846.901226 4975.052809
3947.582304 4664.748194 3597.696670 5106.704450 4270.930137 3759.147483
1314.415137 1520.310960 1280.312813 5090.908457 2269.129554 2882.415728
540.521119 4843.157435 413.856211 578.165276 0.000000 1133.928726
2.470939 258.816471 0.467549 1163.652546 -10.771485 0.000000
0.000000 0.000000 -9.757000 9.927877 0.000000 34.497946
1560.225494 2616.846329 856.993281 5112.205650 1903.157677 2478.494031
807.160323 936.484332 32.649120 5091.330393 675.659004 1949.618825
37.190070 911.337432 0.000000 625.988289 213.679111 3594.421788
3.788359 233.427930 7.242842 2222.901813 -0.595382 87.933226
0.000000 0.000000 0.000000 133.439475 -3.801437 0.000000
12.572001 0.000000 0.000000 0.000000 0.000000 0.000000
206.804776 3082.447325 34.518109 492.874086 51.233503 481.237198
64.736287 396.087161 -3.408780 979.654787 -1.195353 306.568512
1.394673 0.000000 0.000000 0.000000 0.000000 0.000000
9.809482 130.394382 -4.310602 0.000000 -1.313794 0.000000
12.558097 -0.448253 -5.057365 0.000000 0.000000 5.260749
4.113688 -1.563752 -5.772258 0.000000 0.407255 6.062343
10.867663 596.020434 0.000000 0.000000 0.000000 16.679390
0.000000 0.000000 0.000000 98.423868 0.000000 0.000000
2.987407 -1.959812 0.000000 0.000000 0.000000 7.356370
0.000000 0.000000 0.000000 0.000000 0.000000 13.165108
0.000000 0.000000 0.000000 0.000000 -3.624663 0.000000
7.256379 0.000000 0.000000 0.000000 0.000000 0.000000
111.653366 -1.947775 -5.374837 7.809723 0.000000 2.545477
2.752118 0.000000 0.000000 0.000000 0.000000 0.000000
2.758772 0.000000 -6.619536 0.000000 -1.954329 0.000000
0.000000 0.000000 0.000000 0.000000 0.000000 12.401783
0.000000 0.000000 0.000000 0.000000 0.000000 4.428965
1.279729 0.000000 0.000000 0.000000 0.000000 0.000000
19.866638 -1.252431 0.000000 0.000000 0.000000 0.000000
4.018370 -1.628617 0.127367 0.000000 0.000000 0.000000
3.678405 0.000000 0.000000 0.000000 0.000000 0.000000
0.000000 0.000000 0.000000 0.000000 0.000000 0.000000
0.000000 0.000000 0.000000 0.000000 0.000000 0.000000
1.257687 0.000000 0.000000 0.000000 0.000000 0.000000
0.000000 0.000000 0.000000 0.000000 0.000000 0.000000
5017.057677 4966.547954 4966.547954 5017.057677 4966.209750 5067.735027
5033.944777 4983.703857 4983.703857 5033.944777 4982.927978 5084.792704
5048.116962 4993.085957 4998.145810 5048.332013 4942.909831 5101.679803
1983.551315 1836.621326 2958.332277 1763.820705 1244.911326 5113.054815
31.830079 1.875123 0.000000 0.000000 0.000000 3396.982441
5017.057677 4966.547954 4966.209750 5067.735027 4966.547954 5017.057677
5000.462585 4960.174455 4949.883461 5050.972308 4949.883461 5050.972308
5007.333247 4977.224780 4956.817916 5057.574167 4956.625167 5057.912371
5019.923350 4999.955821 4969.364179 5069.655415 4968.640242 5070.807985
4186.514135 2788.674755 2819.772529 2925.994775 1247.464862 5085.550134
898.992399 605.765390 40.642603 33.401769 313.751863 4073.976915
5033.944777 4983.703857 4982.927978 5084.792704 4983.703857 5033.944777
5007.333247 4977.224780 4956.625167 5057.912371 4956.817916 5057.574167
5001.017788 4981.011348 4950.458937 5051.533119 4950.458937 5051.533119
4998.978800 4984.258936 4947.272980 5036.697561 4866.005482 5055.885064
1634.577481 3573.234089 694.374349 2432.189047 197.577551 5056.785361
0.000000 0.000000 0.000000 1807.792479 0.000000 910.839370
5050.663005 5000.730804 4999.479025 5101.679803 5000.730804 5050.663005
5020.094649 5000.103196 4969.243691 5070.807985 4969.733601 5070.031595
5003.098714 4986.364577 4927.780013 5055.885064 4937.050625 5046.603872
4058.408526 4393.073101 2705.168204 5052.106556 3407.464018 3466.702668
1205.466033 4804.030105 119.221505 1549.841603 591.032820 2047.406783
0.353802 0.000000 0.000000 252.103177 128.684242 1924.627189
5014.332438 5005.241514 4882.279849 5118.398032 4999.695116 5037.200444
4871.922989 4884.994537 4345.395269 5085.573337 4638.836082 4927.153452
3456.526755 4261.260707 1860.977288 5065.332335 2543.731877 3774.366802
974.645151 4710.783207 148.350408 1369.058004 332.006559 1221.767976
30.802892 148.681261 0.000000 2428.065099 4.471286 226.662157
14.557610 -1.304753 -4.856374 8.530333 0.000000 247.211203
1928.322082 3454.502959 1429.201351 5134.434746 1424.488363 3213.751332
1737.210872 2025.207398 1033.334363 5055.600777 782.250860 2686.648958
0.000000 499.495537 29.312877 4128.377876 240.038630 480.670286
20.808977 2490.270079 0.000000 209.579382 -3.280615 518.682068
0.000000 87.042252 0.000000 0.000000 -10.646289 5.025056
0.000000 -1.406227 0.000000 0.000000 0.480781 17.723893
419.219521 4534.760224 386.128094 1476.507960 656.340877 374.665728
195.149409 1101.568223 0.000000 3588.134350 67.165253 1.477830
7.671901 257.527927 -3.198730 52.072774 0.000000 544.109981
10.688893 0.000000 -11.855720 231.620890 -4.689789 51.409820
5.866348 0.000000 -5.290388 11.059523 -3.034824 53.939517
1.858065 -1.319552 -9.000247 5.267666 0.000000 33.991551
413.876196 185.862775 125.237623 3107.182367 2.477226 36.853430
63.330060 2.384202 4.199382 639.697575 -2.206907 151.802907
0.000000 0.000000 0.000000 0.000000 0.000000 80.534719
0.000000 0.000000 -6.359144 20.552977 -8.476207 0.000000
1.848752 0.302310 0.000000 31.269052 -8.727643 0.000000
1.578233 -2.403345 -9.931703 31.919676 1.578233 4.118084
17.255215 0.000000 -13.431409 1670.236567 -1.049899 80.738474
0.000000 -0.356695 -0.746162 110.323413 -1.037134 1.359443
0.000000 0.000000 0.000000 0.000000 0.000000 15.809324
0.000000 0.387880 0.000000 0.000000 0.000000 0.000000
0.000000 0.000000 0.000000 0.000000 -3.448432 3.313947
1.712748 -0.838906 0.000000 23.966581 0.000000 3.827339
1.274096 -2.507552 -19.240731 695.123890 6.470992 1.274096
6.105253 0.000000 -11.986359 0.000000 0.000000 140.579225
0.000000 0.000000 0.000000 0.000000 0.000000 8.424190
0.000000 0.000000 0.000000 0.000000 0.000000 0.000000
0.000000 0.000000 -6.320118 6.222630 0.000000 0.000000
0.000000 0.000000 -5.468113 0.000000 0.000000 6.800935
0.670577 -1.920428 0.000000 167.288956 -1.311605 0.000000
0.000000 -2.317048 1.573955 0.000000 -4.209265 31.327462
0.000000 0.000000 0.000000 0.000000 0.000000 12.367153
0.000000 0.000000 0.000000 0.000000 0.000000 0.000000
0.000000 0.000000 0.000000 0.000000 -3.367197 0.000000
0.639762 -1.257687 0.000000 12.278255 0.000000 0.000000
